1 0 0 0 0 1 0 0 0 0 1 0 0 0 0 1
  0.469978 -0.0386729   -0.88183          0 -0.173091  0.975605 -0.135036         0  0.86554 0.216101 0.451819        0 0.903613 0.123201   1.9476        1
   0.65593   0.754814 -0.0034079          0 -0.595382 0.520149 0.612344        0  0.463978 -0.399626  0.790584         0  -2.07574  0.561505 -0.139789         1
0.682209 0.356865 0.638152        0 -0.722166 0.192428 0.664415        0  0.114308 -0.914122  0.388992         0 -0.898584 0.397456  2.28372        1
 0.0442446   0.999018 0.00247131          0     0.073114 -0.000771031    -0.997323            0  -0.996342  0.0443069 -0.0730764          0 -0.771209 0.413432 -3.20534        1
-0.205112 -0.977172 0.0553555         0  0.382791 -0.132145 -0.914335         0  0.900778 -0.166351  0.401157         0 -1.07258 0.812983 -2.82405        1
  0.82304  0.351915 -0.445826         0 -0.514221  0.795016 -0.321755         0 0.241208 0.494071 0.835292        0 -0.933579 1.08767 1.30199       1
0.831072 0.38676 0.39967       0 -0.511969 0.812742 0.278096        0 -0.217272 -0.435737  0.873456         0 1.05674 1.90948 -2.1678       1
-0.102269   0.93676 -0.334696         0 -0.633012 0.198261 0.748324        0 0.767357 0.288397 0.572704        0  -1.48439   1.70009 -0.440778         1
 0.597236  0.398767 -0.695912         0 -0.652967 -0.262124 -0.710581         0 -0.465771 0.878792 0.103832        0 -1.49025 2.57658 0.20561       1
