1 0 0 0 0 1 0 0 0 0 1 0 0 0 0 1
  0.159353 -0.0305364  -0.986749          0  0.222917   0.97482 0.0058324         0  0.961725 -0.220893  0.162148         0   1.70094 -0.528085    1.4155         1
0.916841 0.377238 0.130744        0 -0.392897 0.910693 0.127554        0 -0.0709496 -0.168315  0.983177         0 -0.823886  1.34115 -1.11113        1
0.706441 0.473997 0.525612        0  -0.574384 -0.0499748   0.817059          0  0.413551 -0.879107  0.236952         0 -0.676078 0.0670046   2.26115         1
 0.241175  0.943353 -0.227858         0 -0.341277 -0.137353 -0.929873         0 -0.908496 0.302025 0.288819        0 -1.79199 0.534844  -2.4185        1
0.00213938 -0.85601 0.516955        0 0.00261509  -0.51695 -0.856012         0   0.999994 0.00318321 0.00113259          0   -1.7166 -0.495278  -1.85105         1
 0.905432 -0.188541 -0.380321         0 -0.0692192  0.818379 -0.570495         0 0.418809  0.54287 0.727936        0 0.0646621  1.69556 0.563199        1
0.659181 0.535335 0.528107        0 -0.747286 0.387961  0.53949        0  0.083923 -0.750269  0.655785         0 -0.032085  2.36388 -1.03742        1
 0.142933  0.773098 -0.617972         0 -0.549703 0.581234 0.599995        0 0.823041 0.253942 0.508052        0 -0.498857  1.95765 -1.08343        1
 0.494788  0.822251 -0.281228         0 -0.278581  -0.15646 -0.947583         0 -0.823151 0.547197 0.151649        0 -2.15122  2.24664 0.129977        1
