  0.159353 -0.0305364  -0.986749          0  0.222917   0.97482 0.0058324         0  0.961725 -0.220893  0.162148         0   1.70094 -0.528085    1.4155         1
0.0055708 0.572881  0.81962        0 -0.216282  0.800922 -0.558342         0 -0.976315 -0.174159  0.128366         0  2.03372   1.2446 -3.25077        1
0.895224 0.221151 0.386867        0 -0.438646 0.284381 0.852477        0 0.0785087 -0.932856  0.351592         0 0.0957668 -0.788282   3.51951         1
 0.497757 -0.371844 -0.783562         0  -0.79495 -0.556873 -0.240724         0 -0.346833  0.742714 -0.572785         0 -3.02625 -3.20597 -1.98162        1
-0.924796 -0.363858 -0.111173         0 -0.291987 0.866094 -0.40574        0  0.243918 -0.342765 -0.907202         0  -1.08289 -0.411892 -0.215717         1
-0.0332793 0.425394 0.904396        0  -0.995609  0.0651077 -0.0672599          0 -0.0874951 -0.902663  0.421359         0 -0.62351 -3.19452  1.79096        1
 0.295061 0.0911966  0.951116         0 -0.954944 0.0614493  0.290356         0 -0.031966 -0.993935  0.105219         0  0.395146   1.46677 -0.842857         1
 0.181729  -0.14027 -0.973293         0   0.265663   0.959973 -0.0887474          0  0.946783 -0.242439   0.21172         0 -0.549453  0.16639 0.235434        1
 0.880193 0.0371988  0.473156         0  0.424803 -0.506348 -0.750436         0  0.211666  0.861527 -0.461486         0 -0.762612   1.80432 -0.670109         1
